11839290
34523014
14667701
22623153
7780990
24068863
7684413
17890096
18590715
19099421
32666865
33657946
36651292
20001954
27310476
9711824
20394531
39106646
11530804
25212389
21784819
19326211
23325490
32898301
22585296
9949196
24068663
39152101
9310481
22329400
8184533
25305283
7724561
16770733
21285129
12761134
23993394
20309892
31407893
15466914
34015061
22025563
11333905
26543851
29215790
8615025
7591296
21629267
21833408
20684520
1717462
11928484
28749473
36121650
16135558
10477211
38675717
18373667
11221889
19425533
10232599
33995654
9422098
20816479
18955039
15730515
21846691
31783892
28360190
14991920
24386306
11672588
31063846
16436338
24956119
23030500
8105531
22573871
9076518
23673380
25135639
23296540
38480740
25724945
32192063
9405387
19903263
14764788
28929132
33893239
19267675
16148169
1828055
20087405
35782072
30391023
31827677
27643667
22159147
1958179
12239306
18487288
16844755
30907281
36189319
27650323
26657044
35563555
24471499
29659839
11552947
15258150
17077324
32546343
8652824
14593101
38050649
33207685
9554084
27793989
34748163
1835975
15254722
33891963
8373518
31115772
22878593
15280192
1515210
24239648
38711500
33288424
29157724
11212264
11279145
35925813
31089471
26733198
35831428
21777690
21193402
20447077
24366620
30101988
12820716
23775548
7662977
29210993
34223877
10425179
19674964
28668893
23986452
22949810
11803540
22492877
16917081
15826304
26081900
25111627
18268124
2860973
36768830
1350509
7534477
25762620
1308587
27936566
21784854
7652569
15886795
17522109
9455924
7694573
8662792
33167210
9314873
19621379
12699696
2538547
26167486
30040854
30850145
32796070
18373263
17440807
7506988
27306703
7504658
25007177
21880669
8913608
20965272
1383332
16364349
11098061
23400704
15728506
38321872
22446378
15944793
17031043
23876858
2470498
1967133
16428467
30260032
21308915
28632942
11350933
30700826
9715405
11425189
25549724
34694774
15653175
38948207
17999373
24990883
24079330
24628331
27340870
27428249
9056417
28516782
17022640
23801858
34743989
29674052
26146185
11163076
29397367
29929535
30484950
33825208
21841799
11566773
30189188
11583587
36607856
12538583
11288143
15971251
12855785
24594592
28621608
18256178
28973141
20945586
27903635
20491449
31577134
2425965
10069424
26413851
20309578
10207177
34748320
7798246
31145522
34641547
12459555
21411810
30905456
26075387
10715549
10364244
19392687
24505948
28076415
18953356
11905994
10022761
10217327
2261984
17956937
35346112
16291597
21921530
34731616
2574581
28501198
33794663
9499387
17655680
8407976
36477529
11528254
11356144
30982137
30442647
30873590
36031042
31166063
21784733
11034094
26801611
8562500
30953194
25517304
38287814
34899708
19113831
1765151
23019334
1705556
28241428
8102411
1469056
24085812
7518468
2113054
33509023
17941920
8813123
22393263
20461825
10102706
34625256
33587757
24778281
1351722
7832797
31460762
17711507
24731729
19922421
31889402
24490844
11113909
26951635
26760037
39017915
26901413
35970845
3191509
28793911
31955582
16805789
20634323
19764807
35576661
10749981
19506091
27835877
1825220
21487242
24606112
34965524
23855414
16531813
15975513
30762989
24766301
31818011
26563422
35056727
25814494
12547345
21740504
26721331
16012748
10065632
11438464
22751611
18788072
38003679
7482746
10622713
31388124
10940270
34526666
15331699
8770886
19118822
21308921
7869048
39198565
28223431
26244810
28628327
28581490
39273449
12725528
27764122
25104432
30025558
10455156
31148596
12145302
18047543
27059389
17481582
15073089
21734343
36125546
25656175
38309308
1698101
24891277
1490731
24776984
12467495
11722221
25422949
1675497
16678252
7515065
30181542
10231726
20435300
24346772
37279388
29790113
28332627
2335819
22446589
1962150
21540305
17417647
10642614
30933973
21931755
26036234
17050611
9050864
10366791
20564042
29019053
37163321
37762527
21612289
32736676
23814067
8048973
9812995
29610518
22127564
10828615
17609437
12782582
15448097
21808280
27595232
22549775
23078847
32041787
22133299
28786963
33255418
37371460
32807964
25183900
35574008
36254612
29695737
31414971
29268706
39304747
12755696
